31.00  25.00
20.00  20.10
23.00  21.53
26.00  23.01
29.00  24.50
18.00  23.21
21.00  22.84
24.00  23.01
28.00  23.63
31.00  24.45
19.00  23.90
22.00  23.73
26.00  23.92
29.00  24.31
32.00  24.86
20.00  24.53
24.00  24.50
27.00  24.65
30.00  24.95
18.00  24.58
22.00  24.45
25.00  24.48
28.00  24.64
32.00  24.96
20.00  24.75
23.00  24.68
26.00  24.73
30.00  24.93
18.00  24.68
21.00  24.55
24.00  24.53
28.00  24.65
31.00  24.84
19.00  24.67
22.00  24.59
26.00  24.63
29.00  24.75
32.00  24.95
21.00  24.84
24.00  24.82
27.00  24.88
30.00  25.00
19.00  24.86
22.00  24.79
25.00  24.80
28.00  24.87
32.00  25.02
20.00  24.92
23.00  24.88
26.00  24.90
30.00  25.00
18.00  24.86
21.00  24.79
24.00  24.77
28.00  24.83
31.00  24.95
19.00  24.84
23.00  24.81
26.00  24.83
29.00  24.90
32.00  25.02
21.00  24.95
24.00  24.94
27.00  24.97
30.00  25.05
19.00  24.96
22.00  24.91
25.00  24.91
28.00  24.96
32.00  25.06
20.00  24.99
23.00  24.96
27.00  24.99
30.00  25.06
18.00  24.96
21.00  24.91
25.00  24.91
28.00  24.95
31.00  25.03
19.00  24.95
23.00  24.93
26.00  24.94
29.00  24.99
32.00  25.08
21.00  25.03
24.00  25.01
27.00  25.04
31.00  25.11
19.00  25.04
22.00  25.00
25.00  25.00
29.00  25.05
32.00  25.12
20.00  25.07
23.00  25.05
27.00  25.07
30.00  25.12
18.00  25.04
21.00  25.00
25.00  25.00
28.00  25.03
31.00  25.09
20.00  25.04
23.00  25.02
26.00  25.03
29.00  25.07
18.00  25.00
21.00  24.96
24.00  24.95
27.00  24.97
31.00  25.03
19.00  24.97
22.00  24.95
25.00  24.95
29.00  24.98
32.00  25.05
20.00  25.00
23.00  24.98
27.00  25.00
30.00  25.04
18.00  24.98
22.00  24.96
25.00  24.96
28.00  24.98
31.00  25.03
20.00  24.99
23.00  24.98
26.00  24.98
29.00  25.02
18.00  24.96
21.00  24.93
24.00  24.92
27.00  24.94
31.00  24.99
19.00  24.94
22.00  24.91
26.00  24.92
29.00  24.95
32.00  25.01
20.00  24.97
24.00  24.96
27.00  24.98
30.00  25.02
18.00  24.96
22.00  24.94
25.00  24.94
28.00  24.97
31.00  25.01
20.00  24.97
23.00  24.96
26.00  24.97
30.00  25.00
18.00  24.95
21.00  24.92
24.00  24.92
28.00  24.94
31.00  24.98
19.00  24.94
22.00  24.92
26.00  24.93
29.00  24.96
32.00  25.00
20.00  24.97
24.00  24.96
27.00  24.98
30.00  25.01
18.00  24.96
22.00  24.94
25.00  24.94
28.00  24.96
32.00  25.01
20.00  24.98
23.00  24.96
26.00  24.97
30.00  25.00
18.00  24.96
21.00  24.93
24.00  24.93
28.00  24.95
31.00  24.98
19.00  24.95
22.00  24.93
26.00  24.94
29.00  24.96
32.00  25.00
21.00  24.98
24.00  24.97
27.00  24.99
30.00  25.02
19.00  24.98
22.00  24.96
25.00  24.96
28.00  24.98
32.00  25.02
20.00  24.99
23.00  24.98
26.00  24.99
30.00  25.01
18.00  24.98
21.00  24.95
